    1
   -88.106    16.832   Sub-Region  4
   92   92   92   -88.106    16.832
    -12.00    -47.99
    -11.50    -42.00
    -11.00    -31.12
    -10.50    -25.02
    -10.00    -19.50
     -9.50    -14.33
     -9.00    -10.34
     -8.50     -6.12
     -8.00     -3.62
     -7.50     -0.97
     -7.00      0.29
     -6.50      1.07
     -6.00      1.29
     -5.50      1.22
     -5.00      1.17
     -4.50      1.09
     -4.00      1.00
     -3.50      0.84
     -3.00      0.69
     -2.50      0.57
     -2.00      0.53
     -1.50      0.38
     -1.00      0.24
     -0.50      0.11
      0.00      0.00