    1
   -88.106    16.832   Sub-Region  4
   92   92   92   -88.106    16.832
    -12.00    -51.82
    -11.50    -46.20
    -11.00    -35.60
    -10.50    -29.75
    -10.00    -24.42
     -9.50    -19.42
     -9.00    -15.60
     -8.50    -11.48
     -8.00     -8.97
     -7.50     -6.26
     -7.00     -4.87
     -6.50     -3.87
     -6.00     -3.35
     -5.50     -3.05
     -5.00     -2.67
     -4.50     -2.32
     -4.00     -1.95
     -3.50     -1.68
     -3.00     -1.42
     -2.50     -1.13
     -2.00     -0.79
     -1.50     -0.59
     -1.00     -0.38
     -0.50     -0.19
      0.00      0.00