    1
   -88.106    16.832   Sub-Region  4
   92   92   92   -88.106    16.832
    -12.00    -57.35
    -11.50    -54.42
    -11.00    -48.44
    -10.50    -42.43
    -10.00    -35.21
     -9.50    -27.09
     -9.00    -19.84
     -8.50    -13.78
     -8.00     -9.84
     -7.50     -6.42
     -7.00     -3.16
     -6.50     -1.86
     -6.00     -0.81
     -5.50     -0.68
     -5.00     -0.50
     -4.50     -0.31
     -4.00     -0.08
     -3.50      0.09
     -3.00      0.28
     -2.50      0.36
     -2.00      0.45
     -1.50      0.33
     -1.00      0.25
     -0.50      0.18
      0.00      0.00