Time(kaBP) RSL-2sigma    RSL    RSL+2sigma
    1   -88.060    17.868    1
Time(kaBP) RSL-2sigma    RSL    RSL+2sigma
    -12.00    -65.14    -59.28    -53.42
    -11.50    -61.72    -56.20    -50.69
    -11.00    -55.29    -50.09    -44.89
    -10.50    -48.84    -43.92    -38.99
    -10.00    -41.21    -36.54    -31.87
     -9.50    -32.65    -28.20    -23.76
     -9.00    -24.65    -20.76    -16.87
     -8.50    -18.31    -14.49    -10.68
     -8.00    -14.12    -10.36     -6.59
     -7.50    -10.39     -6.74     -3.08
     -7.00     -6.81     -3.31      0.18
     -6.50     -5.18     -1.86      1.45
     -6.00     -3.71     -0.70      2.31
     -5.50     -3.22     -0.50      2.22
     -5.00     -2.68     -0.27      2.15
     -4.50     -2.17     -0.05      2.08
     -4.00     -1.67      0.19      2.04
     -3.50     -1.25      0.35      1.94
     -3.00     -0.82      0.53      1.88
     -2.50     -0.53      0.58      1.68
     -2.00     -0.26      0.64      1.54
     -1.50     -0.19      0.49      1.16
     -1.00     -0.11      0.35      0.80
     -0.50     -0.02      0.25      0.51
      0.00      0.00      0.00      0.00
    2   -88.042    17.479    2
Time(kaBP) RSL-2sigma    RSL    RSL+2sigma
    -12.00    -64.78    -58.93    -53.09
    -11.50    -61.38    -55.89    -50.40
    -11.00    -54.97    -49.77    -44.56
    -10.50    -48.56    -43.62    -38.67
    -10.00    -40.95    -36.24    -31.54
     -9.50    -32.41    -27.91    -23.40
     -9.00    -24.45    -20.48    -16.50
     -8.50    -18.14    -14.23    -10.32
     -8.00    -13.99    -10.12     -6.25
     -7.50    -10.29     -6.52     -2.76
     -7.00     -6.76     -3.13      0.50
     -6.50     -5.14     -1.71      1.71
     -6.00     -3.70     -0.57      2.55
     -5.50     -3.21     -0.39      2.43
     -5.00     -2.67     -0.17      2.32
     -4.50     -2.17      0.03      2.22
     -4.00     -1.67      0.24      2.15
     -3.50     -1.25      0.40      2.05
     -3.00     -0.83      0.56      1.95
     -2.50     -0.54      0.61      1.76
     -2.00     -0.28      0.65      1.58
     -1.50     -0.21      0.50      1.20
     -1.00     -0.13      0.35      0.83
     -0.50     -0.02      0.25      0.51
      0.00      0.00      0.00      0.00
    3   -87.874    17.380    3
Time(kaBP) RSL-2sigma    RSL    RSL+2sigma
    -12.00    -65.46    -59.73    -54.00
    -11.50    -62.03    -56.64    -51.25
    -11.00    -55.59    -50.48    -45.36
    -10.50    -49.14    -44.28    -39.41
    -10.00    -41.48    -36.85    -32.22
     -9.50    -32.90    -28.46    -24.03
     -9.00    -24.89    -20.99    -17.08
     -8.50    -18.54    -14.69    -10.84
     -8.00    -14.34    -10.53     -6.72
     -7.50    -10.61     -6.90     -3.18
     -7.00     -7.04     -3.46      0.11
     -6.50     -5.38     -2.01      1.36
     -6.00     -3.91     -0.83      2.24
     -5.50     -3.40     -0.62      2.16
     -5.00     -2.85     -0.38      2.09
     -4.50     -2.32     -0.16      2.01
     -4.00     -1.80      0.08      1.97
     -3.50     -1.36      0.27      1.89
     -3.00     -0.92      0.45      1.82
     -2.50     -0.62      0.51      1.65
     -2.00     -0.33      0.58      1.50
     -1.50     -0.25      0.44      1.13
     -1.00     -0.15      0.32      0.79
     -0.50     -0.03      0.23      0.50
      0.00      0.00      0.00      0.00
    4   -88.106    16.832    4
Time(kaBP) RSL-2sigma    RSL    RSL+2sigma
    -12.00    -63.42    -57.49    -51.57
    -11.50    -60.08    -54.50    -48.92
    -11.00    -53.73    -48.44    -43.14
    -10.50    -47.40    -42.34    -37.28
    -10.00    -39.86    -35.02    -30.18
     -9.50    -31.42    -26.75    -22.07
     -9.00    -23.59    -19.41    -15.23
     -8.50    -17.40    -13.27     -9.13
     -8.00    -13.34     -9.24     -5.14
     -7.50     -9.75     -5.75     -1.75
     -7.00     -6.29     -2.45      1.40
     -6.50     -4.74     -1.12      2.51
     -6.00     -3.36     -0.05      3.26
     -5.50     -2.93      0.06      3.05
     -5.00     -2.45      0.20      2.86
     -4.50     -1.98      0.35      2.68
     -4.00     -1.50      0.53      2.55
     -3.50     -1.12      0.62      2.36
     -3.00     -0.73      0.74      2.22
     -2.50     -0.48      0.75      1.97
     -2.00     -0.21      0.77      1.74
     -1.50     -0.16      0.57      1.31
     -1.00     -0.09      0.41      0.92
     -0.50     -0.01      0.28      0.56
      0.00      0.00      0.00      0.00
    5   -88.075    16.695    5
Time(kaBP) RSL-2sigma    RSL    RSL+2sigma
    -12.00    -63.27    -57.34    -51.41
    -11.50    -59.93    -54.35    -48.78
    -11.00    -53.59    -48.29    -43.00
    -10.50    -47.26    -42.20    -37.13
    -10.00    -39.74    -34.89    -30.03
     -9.50    -31.31    -26.62    -21.93
     -9.00    -23.49    -19.29    -15.09
     -8.50    -17.32    -13.16     -9.00
     -8.00    -13.27     -9.14     -5.01
     -7.50     -9.69     -5.66     -1.63
     -7.00     -6.25     -2.37      1.50
     -6.50     -4.70     -1.05      2.60
     -6.00     -3.33      0.01      3.35
     -5.50     -2.91      0.11      3.12
     -5.00     -2.43      0.25      2.92
     -4.50     -1.96      0.38      2.73
     -4.00     -1.49      0.55      2.60
     -3.50     -1.10      0.65      2.40
     -3.00     -0.72      0.76      2.25
     -2.50     -0.47      0.76      2.00
     -2.00     -0.20      0.78      1.76
     -1.50     -0.16      0.58      1.32
     -1.00     -0.08      0.42      0.92
     -0.50     -0.00      0.28      0.56
      0.00      0.00      0.00      0.00
    6   -87.576    17.377    6
Time(kaBP) RSL-2sigma    RSL    RSL+2sigma
    -12.00    -66.97    -61.46    -55.96
    -11.50    -63.48    -58.28    -53.09
    -11.00    -56.97    -52.03    -47.10
    -10.50    -50.43    -45.73    -41.03
    -10.00    -42.67    -38.21    -33.74
     -9.50    -33.98    -29.71    -25.44
     -9.00    -25.89    -22.14    -18.38
     -8.50    -19.42    -15.73    -12.05
     -8.00    -15.12    -11.47     -7.83
     -7.50    -11.31     -7.75     -4.18
     -7.00     -7.65     -4.23     -0.80
     -6.50     -5.92     -2.68      0.55
     -6.00     -4.38     -1.43      1.52
     -5.50     -3.81     -1.15      1.52
     -5.00     -3.22     -0.84      1.53
     -4.50     -2.64     -0.56      1.53
     -4.00     -2.08     -0.26      1.56
     -3.50     -1.58     -0.03      1.53
     -3.00     -1.12      0.20      1.53
     -2.50     -0.77      0.31      1.40
     -2.00     -0.45      0.43      1.31
     -1.50     -0.32      0.33      0.99
     -1.00     -0.20      0.25      0.70
     -0.50     -0.06      0.20      0.46
      0.00      0.00      0.00      0.00
    7   -87.831    16.785    7
Time(kaBP) RSL-2sigma    RSL    RSL+2sigma
    -12.00    -64.42    -58.67    -52.92
    -11.50    -61.03    -55.62    -50.21
    -11.00    -54.64    -49.49    -44.35
    -10.50    -48.25    -43.33    -38.41
    -10.00    -40.65    -35.94    -31.23
     -9.50    -32.13    -27.60    -23.06
     -9.00    -24.24    -20.19    -16.14
     -8.50    -17.98    -13.97     -9.95
     -8.00    -13.86     -9.87     -5.89
     -7.50    -10.21     -6.32     -2.43
     -7.00     -6.70     -2.96      0.79
     -6.50     -5.10     -1.57      1.96
     -6.00     -3.67     -0.45      2.78
     -5.50     -3.21     -0.29      2.62
     -5.00     -2.69     -0.11      2.48
     -4.50     -2.19      0.08      2.35
     -4.00     -1.68      0.29      2.27
     -3.50     -1.27      0.43      2.12
     -3.00     -0.86      0.58      2.02
     -2.50     -0.58      0.61      1.80
     -2.00     -0.28      0.67      1.62
     -1.50     -0.21      0.50      1.22
     -1.00     -0.12      0.37      0.86
     -0.50     -0.02      0.25      0.53
      0.00      0.00      0.00      0.00
    8   -88.155    16.300    8
Time(kaBP) RSL-2sigma    RSL    RSL+2sigma
    -12.00    -62.20    -56.18    -50.15
    -11.50    -58.90    -53.23    -47.57
    -11.00    -52.60    -47.22    -41.84
    -10.50    -46.33    -41.18    -36.02
    -10.00    -38.88    -33.92    -28.97
     -9.50    -30.54    -25.72    -20.91
     -9.00    -22.79    -18.46    -14.13
     -8.50    -16.71    -12.40     -8.10
     -8.00    -12.74     -8.47     -4.19
     -7.50     -9.22     -5.06     -0.90
     -7.00     -5.85     -1.85      2.15
     -6.50     -4.36     -0.59      3.18
     -6.00     -3.03      0.41      3.85
     -5.50     -2.64      0.46      3.57
     -5.00     -2.21      0.55      3.31
     -4.50     -1.77      0.65      3.07
     -4.00     -1.33      0.78      2.89
     -3.50     -0.97      0.83      2.64
     -3.00     -0.61      0.92      2.45
     -2.50     -0.38      0.89      2.16
     -2.00     -0.13      0.88      1.88
     -1.50     -0.10      0.65      1.41
     -1.00     -0.05      0.46      0.98
     -0.50      0.01      0.30      0.59
      0.00      0.00      0.00      0.00