    1
   -88.106    16.832   Sub-Region  4
   92   92   92   -88.106    16.832
    -12.00    -83.24
    -11.50    -65.23
    -11.00    -58.67
    -10.50    -55.45
    -10.00    -49.19
     -9.50    -42.91
     -9.00    -34.59
     -8.50    -26.32
     -8.00    -19.19
     -7.50    -12.80
     -7.00     -8.59
     -6.50     -5.09
     -6.00     -1.78
     -5.50     -0.54
     -5.00      0.42
     -4.50      0.41
     -4.00      0.44
     -3.50      0.47
     -3.00      0.52
     -2.50      0.52
     -2.00      0.57
     -1.50      0.50
     -1.00      0.46
     -0.50      0.21
      0.00      0.00