    1
   -88.106    16.832   Sub-Region  4
   92   92   92   -88.106    16.832
    -12.00    -60.53
    -11.50    -57.78
    -11.00    -51.91
    -10.50    -45.96
    -10.00    -38.72
     -9.50    -30.54
     -9.00    -23.07
     -8.50    -16.97
     -8.00    -13.11
     -7.50     -9.79
     -7.00     -6.58
     -6.50     -5.27
     -6.00     -4.02
     -5.50     -3.72
     -5.00     -3.28
     -4.50     -2.79
     -4.00     -2.26
     -3.50     -1.79
     -3.00     -1.32
     -2.50     -0.96
     -2.00     -0.58
     -1.50     -0.44
     -1.00     -0.27
     -0.50     -0.08
      0.00      0.00