    1
   -88.106    16.832   Sub-Region  4
   92   92   92   -88.106    16.832
    -12.00    -48.04
    -11.50    -42.44
    -11.00    -32.06
    -10.50    -26.90
    -10.00    -21.50
     -9.50    -16.21
     -9.00    -12.36
     -8.50     -8.27
     -8.00     -5.92
     -7.50     -3.33
     -7.00     -2.06
     -6.50     -1.20
     -6.00     -0.86
     -5.50     -0.78
     -5.00     -0.65
     -4.50     -0.55
     -4.00     -0.45
     -3.50     -0.40
     -3.00     -0.36
     -2.50     -0.28
     -2.00     -0.13
     -1.50     -0.11
     -1.00     -0.07
     -0.50     -0.04
      0.00      0.00