    1
   -88.106    16.832   Sub-Region  4
   92   92   92   -88.106    16.832
    -12.00    -56.88
    -11.50    -53.82
    -11.00    -47.70
    -10.50    -41.53
    -10.00    -34.13
     -9.50    -25.75
     -9.00    -18.25
     -8.50    -12.02
     -8.00     -7.98
     -7.50     -4.52
     -7.00     -1.26
     -6.50     -0.01
     -6.00      0.97
     -5.50      0.95
     -5.00      0.96
     -4.50      0.99
     -4.00      1.05
     -3.50      1.05
     -3.00      1.07
     -2.50      0.99
     -2.00      0.94
     -1.50      0.67
     -1.00      0.46
     -0.50      0.27
      0.00      0.00