    1
   -88.106    16.832   Sub-Region  4
  184  184  184   -88.106    16.832
    -12.00    -48.03
    -11.50    -42.05
    -11.00    -35.83
    -10.50    -30.04
    -10.00    -20.46
     -9.50    -15.30
     -9.00    -11.31
     -8.50     -7.10
     -8.00     -4.82
     -7.50     -2.80
     -7.00     -1.46
     -6.50     -0.18
     -6.00      0.69
     -5.50      1.23
     -5.00      1.15
     -4.50      1.06
     -4.00      0.98
     -3.50      0.89
     -3.00      0.79
     -2.50      0.65
     -2.00      0.59
     -1.50      0.41
     -1.00      0.26
     -0.50      0.12
      0.00      0.00