    1
   -88.106    16.832   Sub-Region  4
  184  184  184   -88.106    16.832
    -12.00    -58.67
    -11.50    -55.75
    -11.00    -49.76
    -10.50    -43.56
    -10.00    -36.33
     -9.50    -28.57
     -9.00    -22.40
     -8.50    -19.91
     -8.00    -16.34
     -7.50     -9.44
     -7.00     -5.00
     -6.50     -2.78
     -6.00     -0.84
     -5.50     -0.26
     -5.00      0.34
     -4.50      0.31
     -4.00      0.34
     -3.50      0.37
     -3.00      0.42
     -2.50      0.45
     -2.00      0.51
     -1.50      0.46
     -1.00      0.46
     -0.50      0.22
      0.00      0.00