    1
   -88.106    16.832   Sub-Region  4
   92   92   92   -88.106    16.832
    -12.00    -72.50
    -11.50    -60.11
    -11.00    -48.30
    -10.50    -42.31
    -10.00    -31.43
     -9.50    -25.33
     -9.00    -19.81
     -8.50    -14.64
     -8.00    -10.65
     -7.50     -6.43
     -7.00     -3.94
     -6.50     -1.28
     -6.00     -0.02
     -5.50      0.76
     -5.00      0.98
     -4.50      0.90
     -4.00      0.86
     -3.50      0.78
     -3.00      0.69
     -2.50      0.53
     -2.00      0.38
     -1.50      0.26
     -1.00      0.22
     -0.50      0.07
      0.00      0.00