Time(kaBP) RSL-2sigma    RSL    RSL+2sigma
    1   -88.060    17.868    1
Time(kaBP) RSL-2sigma    RSL    RSL+2sigma
    -12.00    -56.74    -49.30    -41.85
    -11.50    -50.32    -43.38    -36.45
    -11.00    -39.01    -32.65    -26.28
    -10.50    -32.51    -26.62    -20.74
    -10.00    -26.58    -21.08    -15.59
     -9.50    -20.97    -15.89    -10.81
     -9.00    -16.63    -11.87     -7.11
     -8.50    -12.04     -7.61     -3.18
     -8.00     -9.16     -5.10     -1.03
     -7.50     -6.14     -2.38      1.39
     -7.00     -4.54     -1.02      2.51
     -6.50     -3.38     -0.11      3.16
     -6.00     -2.81      0.22      3.24
     -5.50     -2.46      0.28      3.03
     -5.00     -2.11      0.37      2.85
     -4.50     -1.78      0.42      2.62
     -4.00     -1.49      0.42      2.33
     -3.50     -1.26      0.38      2.01
     -3.00     -1.07      0.32      1.71
     -2.50     -0.84      0.29      1.42
     -2.00     -0.56      0.33      1.22
     -1.50     -0.41      0.24      0.89
     -1.00     -0.27      0.15      0.58
     -0.50     -0.13      0.07      0.27
      0.00      0.00      0.00      0.00
    2   -88.042    17.479    2
Time(kaBP) RSL-2sigma    RSL    RSL+2sigma
    -12.00    -56.11    -48.86    -41.61
    -11.50    -49.73    -42.96    -36.19
    -11.00    -38.46    -32.23    -26.00
    -10.50    -31.99    -26.23    -20.48
    -10.00    -26.10    -20.71    -15.32
     -9.50    -20.53    -15.54    -10.54
     -9.00    -16.24    -11.54     -6.85
     -8.50    -11.71     -7.32     -2.92
     -8.00     -8.89     -4.84     -0.79
     -7.50     -5.92     -2.14      1.63
     -7.00     -4.35     -0.82      2.72
     -6.50     -3.26      0.05      3.36
     -6.00     -2.70      0.35      3.40
     -5.50     -2.39      0.39      3.18
     -5.00     -2.04      0.47      2.98
     -4.50     -1.73      0.50      2.73
     -4.00     -1.44      0.48      2.41
     -3.50     -1.24      0.43      2.09
     -3.00     -1.04      0.36      1.76
     -2.50     -0.82      0.32      1.47
     -2.00     -0.55      0.35      1.25
     -1.50     -0.41      0.25      0.91
     -1.00     -0.28      0.16      0.60
     -0.50     -0.13      0.07      0.28
      0.00      0.00      0.00      0.00
    3   -87.874    17.380    3
Time(kaBP) RSL-2sigma    RSL    RSL+2sigma
    -12.00    -56.67    -49.52    -42.36
    -11.50    -50.26    -43.58    -36.89
    -11.00    -38.94    -32.79    -26.64
    -10.50    -32.44    -26.75    -21.06
    -10.00    -26.51    -21.18    -15.85
     -9.50    -20.90    -15.97    -11.03
     -9.00    -16.57    -11.93     -7.29
     -8.50    -12.01     -7.67     -3.32
     -8.00     -9.16     -5.16     -1.15
     -7.50     -6.16     -2.43      1.30
     -7.00     -4.58     -1.08      2.42
     -6.50     -3.45     -0.18      3.10
     -6.00     -2.87      0.15      3.17
     -5.50     -2.55      0.21      2.98
     -5.00     -2.18      0.30      2.79
     -4.50     -1.86      0.35      2.57
     -4.00     -1.56      0.36      2.28
     -3.50     -1.34      0.32      1.97
     -3.00     -1.13      0.27      1.66
     -2.50     -0.89      0.25      1.39
     -2.00     -0.61      0.29      1.19
     -1.50     -0.45      0.21      0.87
     -1.00     -0.30      0.13      0.57
     -0.50     -0.14      0.06      0.27
      0.00      0.00      0.00      0.00
    4   -88.106    16.832    4
Time(kaBP) RSL-2sigma    RSL    RSL+2sigma
    -12.00    -54.45    -47.36    -40.28
    -11.50    -48.14    -41.53    -34.92
    -11.00    -36.96    -30.86    -24.76
    -10.50    -30.63    -24.96    -19.30
    -10.00    -24.84    -19.53    -14.21
     -9.50    -19.41    -14.45     -9.49
     -9.00    -15.22    -10.54     -5.87
     -8.50    -10.81     -6.41     -2.01
     -8.00     -8.09     -4.02      0.05
     -7.50     -5.24     -1.43      2.39
     -7.00     -3.78     -0.19      3.39
     -6.50     -2.75      0.60      3.95
     -6.00     -2.26      0.84      3.94
     -5.50     -2.03      0.81      3.65
     -5.00     -1.74      0.82      3.38
     -4.50     -1.49      0.79      3.07
     -4.00     -1.23      0.74      2.71
     -3.50     -1.06      0.63      2.33
     -3.00     -0.91      0.53      1.96
     -2.50     -0.72      0.45      1.62
     -2.00     -0.48      0.45      1.37
     -1.50     -0.36      0.32      1.00
     -1.00     -0.23      0.21      0.65
     -0.50     -0.12      0.10      0.32
      0.00      0.00      0.00      0.00
    5   -88.075    16.695    5
Time(kaBP) RSL-2sigma    RSL    RSL+2sigma
    -12.00    -54.22    -47.19    -40.15
    -11.50    -47.93    -41.36    -34.80
    -11.00    -36.76    -30.70    -24.63
    -10.50    -30.44    -24.81    -19.18
    -10.00    -24.68    -19.39    -14.10
     -9.50    -19.26    -14.32     -9.39
     -9.00    -15.08    -10.42     -5.77
     -8.50    -10.69     -6.30     -1.91
     -8.00     -7.99     -3.93      0.13
     -7.50     -5.15     -1.34      2.47
     -7.00     -3.70     -0.12      3.47
     -6.50     -2.68      0.66      4.01
     -6.00     -2.21      0.90      4.00
     -5.50     -1.99      0.86      3.70
     -5.00     -1.70      0.86      3.42
     -4.50     -1.46      0.82      3.10
     -4.00     -1.21      0.77      2.74
     -3.50     -1.04      0.65      2.35
     -3.00     -0.89      0.54      1.98
     -2.50     -0.70      0.47      1.63
     -2.00     -0.47      0.46      1.38
     -1.50     -0.35      0.33      1.01
     -1.00     -0.23      0.21      0.66
     -0.50     -0.12      0.10      0.32
      0.00      0.00      0.00      0.00
    6   -87.576    17.377    6
Time(kaBP) RSL-2sigma    RSL    RSL+2sigma
    -12.00    -58.06    -51.01    -43.96
    -11.50    -51.57    -44.98    -38.40
    -11.00    -40.14    -34.09    -28.04
    -10.50    -33.56    -27.95    -22.34
    -10.00    -27.53    -22.29    -17.04
     -9.50    -21.83    -16.98    -12.13
     -9.00    -17.41    -12.86     -8.31
     -8.50    -12.77     -8.51     -4.25
     -8.00     -9.83     -5.91     -1.99
     -7.50     -6.78     -3.11      0.55
     -7.00     -5.12     -1.69      1.74
     -6.50     -3.92     -0.72      2.48
     -6.00     -3.29     -0.33      2.63
     -5.50     -2.91     -0.21      2.50
     -5.00     -2.51     -0.07      2.37
     -4.50     -2.15      0.03      2.20
     -4.00     -1.82      0.08      1.97
     -3.50     -1.55      0.08      1.71
     -3.00     -1.30      0.07      1.44
     -2.50     -1.04      0.08      1.21
     -2.00     -0.73      0.16      1.05
     -1.50     -0.53      0.12      0.77
     -1.00     -0.35      0.07      0.49
     -0.50     -0.17      0.03      0.24
      0.00      0.00      0.00      0.00
    7   -87.831    16.785    7
Time(kaBP) RSL-2sigma    RSL    RSL+2sigma
    -12.00    -55.34    -48.38    -41.41
    -11.50    -48.98    -42.48    -35.98
    -11.00    -37.73    -31.74    -25.74
    -10.50    -31.35    -25.77    -20.20
    -10.00    -25.50    -20.28    -15.05
     -9.50    -20.00    -15.13    -10.26
     -9.00    -15.76    -11.17     -6.58
     -8.50    -11.30     -6.97     -2.65
     -8.00     -8.53     -4.53     -0.53
     -7.50     -5.63     -1.88      1.86
     -7.00     -4.13     -0.60      2.93
     -6.50     -3.06      0.23      3.52
     -6.00     -2.54      0.52      3.57
     -5.50     -2.27      0.52      3.32
     -5.00     -1.95      0.57      3.09
     -4.50     -1.68      0.57      2.82
     -4.00     -1.40      0.55      2.50
     -3.50     -1.20      0.47      2.15
     -3.00     -1.02      0.39      1.81
     -2.50     -0.81      0.34      1.49
     -2.00     -0.55      0.36      1.27
     -1.50     -0.41      0.26      0.93
     -1.00     -0.27      0.17      0.60
     -0.50     -0.14      0.08      0.30
      0.00      0.00      0.00      0.00
    8   -88.155    16.300    8
Time(kaBP) RSL-2sigma    RSL    RSL+2sigma
    -12.00    -53.02    -46.05    -39.08
    -11.50    -46.80    -40.29    -33.77
    -11.00    -35.70    -29.69    -23.68
    -10.50    -29.44    -23.85    -18.26
    -10.00    -23.78    -18.51    -13.25
     -9.50    -18.44    -13.52     -8.61
     -9.00    -14.35     -9.70     -5.05
     -8.50    -10.03     -5.65     -1.26
     -8.00     -7.41     -3.35      0.72
     -7.50     -4.65     -0.83      2.99
     -7.00     -3.26      0.33      3.93
     -6.50     -2.30      1.06      4.43
     -6.00     -1.88      1.24      4.37
     -5.50     -1.69      1.16      4.01
     -5.00     -1.45      1.13      3.70
     -4.50     -1.24      1.05      3.34
     -4.00     -1.02      0.96      2.94
     -3.50     -0.90      0.81      2.52
     -3.00     -0.76      0.68      2.11
     -2.50     -0.60      0.57      1.74
     -2.00     -0.39      0.54      1.46
     -1.50     -0.29      0.39      1.07
     -1.00     -0.19      0.25      0.70
     -0.50     -0.09      0.13      0.35
      0.00      0.00      0.00      0.00